-54.2 -50.5 -48.1 -46.8 -47.1 -50.6 -50.5 -48.9 -47.7
-50.6 -47.2 -44.9 -43.6 -43.8 -46.0 -44.8 -43.1 -41.9
-47.8 -44.8 -42.8 -41.6 -41.5 -42.6 -41.0 -39.5 -38.3
-43.4 -41.1 -39.4 -38.3 -37.9 -37.6 -35.9 -34.6 -33.6
-39.8 -38.0 -36.6 -35.6 -34.9 -34.1 -32.5 -31.3 -30.5
-35.9 -34.4 -33.2 -32.3 -31.5 -30.3 -28.9 -27.9 -27.2
-29.0 -27.8 -26.8 -26.0 -25.1 -24.0 -23.0 -22.4 -21.8
-23.7 -22.9 -22.4 -21.9 -21.4 -20.8 -20.1 -19.6 -19.2
-20.0 -20.2 -19.6 -19.1 -18.8 -18.6 -17.8 -17.3 -17.1
-17.7 -16.4 -15.8 -15.5 -15.3 -15.1 -14.7 -14.6 -14.7
-9.6  -8.9  -8.6  -8.6  -8.9  -9.6  -10.5 -11.3 -12.0
-2.7  -3.2  -3.9  -4.7  -5.6  -7.2  -8.9  -10.1 -11.0
-1.0  -0.8  -2.2  -3.4  -4.6  -6.3  -8.3  -9.7  -10.7
-1.5  -0.6  -2.0  -3.3  -4.4  -6.1  -8.2  -9.6  -10.7
-1.6  -0.5  -2.0  -3.2  -4.4  -6.1  -8.2  -9.6  -10.7
