-52.0  -50.4  -47.7  -45.6  -44.0   -41.5  -38.3  -36.1  -34.5
-45.7  -42.8  -40.4  -38.7  -37.3   -35.2  -32.4  -30.6  -29.2
-41.5  -38.3  -36.2  -34.6  -33.3   -31.5  -29.0  -27.3  -26.1
-35.7  -32.7  -30.8  -29.5  -28.4   -26.8  -24.6  -23.2  -22.2
-31.8  -29.0  -27.3  -26.1  -25.2   -23.7  -21.8  -20.6  -19.7
-27.6  -25.1  -23.6  -22.6  -21.7   -20.5  -18.9  -17.8  -17.0
-19.8  -17.8  -16.8  -16.0  -15.4   -14.5  -13.4  -12.6  -12.0
-13.8  -12.3  -11.5  -11.0  -10.6   -10.0  -9.1   -8.6   -8.2
-11.8  -10.6  -9.9   -9.4   -9.1    -8.6   -8.0   -7.5   -7.2
-10.1  -9.2   -8.8   -8.5   -8.3    -8.0   -7.6   -7.4   -7.1
-6.0   -6.6   -6.9   -7.1   -7.3    -7.4   -7.5   -7.3   -7.2
-3.6   -5.1   -5.9   -6.4   -6.8    -7.2   -7.4   -7.4   -7.3
-2.8   -4.6   -5.6   -6.2   -6.6    -7.1   -7.5   -7.4   -7.3
-2.6   -4.5   -5.5   -6.2   -6.6    -7.1   -7.4   -7.5   -7.4
-2.6   -4.4   -5.5   -6.2   -6.6    -7.1   -7.5   -7.5   -7.4
