-28.6 -26.4 -24.9 -23.8 -23.0 -21.7 -20.0 -18.9 -18.0
-24.2 -22.3 -21.1 -20.2 -19.4 -18.3 -16.9 -15.9 -15.2
-21.6 -19.9 -18.8 -18.0 -17.4 -16.4 -15.1 -14.2 -13.6
-18.4 -16.9 -16.0 -15.3 -14.8 -13.9 -12.8 -12.1 -11.5
-16.3 -15.0 -14.1 -13.5 -13.0 -12.3 -11.3 -10.7 -10.2
-14.0 -12.9 -12.2 -11.7 -11.3 -10.6 -09.8 -09.2 -08.8
-09.9 -09.1 -08.6 -08.2 -07.9 -07.5 -06.9 -06.5 -06.2
-06.8 -06.3 -05.9 -05.6 -05.4 -05.1 -04.7 -04.4 -04.2
-06.1 -05.7 -05.3 -05.1 -04.9 -04.6 -04.3 -04.0 -03.8
-06.1 -05.7 -05.4 -05.1 -05.0 -04.7 -04.3 -04.0 -03.9
-06.4 -05.9 -05.6 -05.4 -05.1 -04.8 -04.4 -04.2 -04.0
-06.5 -06.1 -05.7 -05.5 -05.3 -05.0 -04.6 -04.3 -04.1
-06.6 -06.2 -05.8 -05.6 -05.4 -05.1 -04.7 -04.4 -04.2
-06.6 -06.2 -05.9 -05.6 -05.4 -05.1 -04.7 -04.4 -04.2
-06.7 -06.2 -05.9 -05.6 -05.4 -05.1 -04.7 -04.4 -04.2
