-60.7 -60.0 -59.3 -58.7 -58.2 -57.3 -55.8 -54.7 -53.8
-51.9 -51.7 -51.5 -51.3 -51.1 -50.8 -50.2 -49.6 -49.1
-46.9 -46.8 -46.8 -46.7 -46.6 -46.5 -46.2 -45.9 -45.7
-41.4 -41.3 -41.3 -41.3 -41.3 -41.3 -41.2 -41.2 -41.1
-38.4 -38.4 -38.3 -38.3 -38.3 -38.3 -38.3 -38.3 -38.3
-35.7 -35.7 -35.7 -35.7 -35.7 -35.7 -35.7 -35.7 -35.7
-31.8 -31.8 -31.8 -31.8 -31.8 -31.8 -31.8 -31.8 -31.8
-28.8 -28.8 -28.8 -28.8 -28.8 -28.8 -28.8 -28.7 -28.7
-27.4 -27.4 -27.4 -27.4 -27.4 -27.4 -27.4 -27.4 -27.4
-27.0 -27.0 -27.0 -27.0 -27.0 -27.0 -26.9 -26.9 -26.9
-26.6 -26.5 -26.4 -26.4 -26.3 -26.2 -26.0 -25.7 -25.5
-25.4 -25.0 -24.6 -24.2 -23.9 -23.2 -21.9 -20.9 -20.3
-18.0 -16.0 -14.6 -13.7 -13.1 -12.5 -12.2 -12.3 -12.6
-8.0  -7.0  -6.6  -6.6  -6.8  -7.3  -8.4  -9.5  -10.4
-1.8  -0.1  -1.6  -2.7  -3.6  -5.1  -7.1  -8.6  -9.8
