-66.2 -64.0 -62.3 -60.9 -59.7 -57.8 -55.0 -52.9 -51.4
-58.8 -57.6 -56.5 -55.6 -54.7 -53.3 -51.0 -49.3 -47.9
-53.4 -52.7 -52.0 -51.3 -50.8 -49.7 -48.0 -46.6 -45.4
-45.9 -45.5 -45.2 -44.9 -44.6 -44.0 -43.0 -42.1 -41.3
-40.8 -40.6 -40.5 -40.3 -40.1 -39.8 -39.1 -38.5 -37.9
-35.6 -35.5 -35.4 -35.3 -35.2 -35.0 -34.7 -34.3 -34.0
-27.1 -27.1 -27.1 -27.1 -27.1 -27.1 -27.0 -27.0 -27.0
-25.0 -25.0 -24.9 -24.9 -24.9 -24.9 -24.9 -24.9 -24.8 
-23.8 -23.8 -23.8 -23.7 -23.7 -23.7 -23.6 -23.5 -23.5
-23.4 -23.3 -23.2 -23.1 -23.1 -22.9 -22.7 -22.5 -22.3
-21.9 -21.4 -21.0 -20.6 -20.2 -19.5 -18.7 -18.3 -18.0
-16.9 -15.2 -14.1 -13.5 -13.1 -12.8 -12.5 -12.6 -12.9
-5.2  -5.0  -5.2  -5.5  -5.9  -6.8  -8.2  -9.4  -10.3
-0.2  -1.4  -2.5  -3.5  -4.3  -5.6  -7.5  -8.9  -10.0
1.8   -0.3  -1.7  -2.9  -3.8  -5.3  -7.4  -8.8  -10.0
